,0,1
0,0.2,1.3861570605381641
1,0.4,1.385462153860153
2,0.6000000000000001,1.3845448065900947
3,0.8,1.383589851706557
4,1.0,1.3826318318050468
5,1.2000000000000002,1.3816813238869676
6,1.4000000000000001,1.3807422214656409
7,1.6,1.3798159862747446
8,1.8,1.37890305131812
9,2.0,1.3780033749154705
10,2.2,1.377116686861551
11,2.4000000000000004,1.376242610298629
12,2.6,1.3753807183085103
13,2.8000000000000003,1.3745305692230987
14,3.0,1.3736917237259394
15,3.2,1.3728637540808166
16,3.4000000000000004,1.3720462479325102
17,3.6,1.371238813369634
18,3.8000000000000003,1.370441078658803
19,4.0,1.3696526899275172
20,4.2,1.3688733144862935
21,4.4,1.3681026363932343
22,4.6000000000000005,1.3673403559289454
23,4.800000000000001,1.3665861901815919
24,5.0,1.3658398717779257
25,5.2,1.3651011480003596
26,5.4,1.3643697792982916
27,5.6000000000000005,1.363645538554017
28,5.800000000000001,1.3629282101867544
29,6.0,1.3622175894589514
30,6.2,1.361513481640858
31,6.4,1.360815701702601
32,6.6000000000000005,1.3601240734481161
33,6.800000000000001,1.3594384288497467
34,7.0,1.3587586076376985
35,7.2,1.3580844568067654
36,7.4,1.357415830105893
37,7.6000000000000005,1.3567525875391395
38,7.800000000000001,1.3560945955741777
39,8.0,1.355441725648771
40,8.200000000000001,1.3547938553278864
41,8.4,1.3541508668860205
42,8.6,1.3535126475340717
43,8.8,1.352879088603802
44,9.0,1.3522500856250024
45,9.200000000000001,1.3516255384557514
46,9.4,1.3510053504006705
47,9.600000000000001,1.3503894285213336
48,9.8,1.349777683308445
49,10.0,1.3491700282967078
50,10.200000000000001,1.348566380311591
51,10.4,1.3479666589695494
52,10.600000000000001,1.3473707858502426
53,10.8,1.3467786863299849
54,11.0,1.3461902884083028
55,11.200000000000001,1.3456055221597107
56,11.4,1.3450243198070242
57,11.600000000000001,1.3444466157241997
58,11.8,1.343872346371601
59,12.0,1.343301450204875
60,12.200000000000001,1.3427338675831881
61,12.4,1.342169540683602
62,12.600000000000001,1.3416084134222643
63,12.8,1.3410504313805347
64,13.0,1.3404955417339945
65,13.200000000000001,1.3399436931854132
66,13.4,1.3393948359211352
67,13.600000000000001,1.338848921515695
68,13.8,1.3383059029114037
69,14.0,1.3377657343251976
70,14.200000000000001,1.3372283712472974
71,14.4,1.3366937703650141
72,14.600000000000001,1.3361618895148264
73,14.8,1.3356326876483322
74,15.0,1.3351061247773075
75,15.200000000000001,1.3345821619505511
76,15.4,1.3340607611903061
77,15.600000000000001,1.3335418855136503
78,15.8,1.3330254988490275
79,16.0,1.332511565999806
80,16.2,1.3320000526396978
81,16.400000000000002,1.3314909252554559
82,16.6,1.3309841511453577
83,16.8,1.3304796984013623
84,17.0,1.329977535850642
85,17.2,1.3294776330172062
86,17.400000000000002,1.3289799601606658
87,17.6,1.328484488205621
88,17.8,1.3279911887324656
89,18.0,1.3275000339546157
90,18.2,1.3270109966994779
91,18.400000000000002,1.326524050389183
92,18.6,1.3260391690221531
93,18.8,1.3255563271559994
94,19.0,1.3250754998902212
95,19.200000000000003,1.3245966628493429
96,19.400000000000002,1.324119792167579
97,19.6,1.3236448644736887
98,19.8,1.3231718567338768
99,20.0,1.3227007465052123
100,20.200000000000003,1.3222315116099923
101,20.400000000000002,1.3217641310602488
102,20.6,1.3212985836446445
103,20.8,1.320834848346366
104,21.0,1.3203729053595765
105,21.200000000000003,1.3199127346591
106,21.400000000000002,1.319454316440473
107,21.6,1.3189976318942032
108,21.8,1.3185426622034495
109,22.0,1.3180893886949099
110,22.200000000000003,1.3176377934875798
111,22.400000000000002,1.3171878588755828
112,22.6,1.316739567228919
113,22.8,1.316292901518044
114,23.0,1.315847845068461
115,23.200000000000003,1.3154043812186527
116,23.400000000000002,1.3149624937146862
117,23.6,1.3145221668346003
118,23.8,1.3140833848178741
119,24.0,1.3136461321185857
120,24.200000000000003,1.3132103939042303
121,24.400000000000002,1.3127761552335138
122,24.6,1.312343401316157
123,24.8,1.311912118038323
124,25.0,1.3114822912252087
125,25.200000000000003,1.311053906830443
126,25.400000000000002,1.3106269513717896
127,25.6,1.31020141141687
128,25.8,1.309777273608789
129,26.0,1.30935452504663
130,26.200000000000003,1.3089331529865122
131,26.400000000000002,1.308513144716813
132,26.6,1.3080944878764749
133,26.8,1.3076771703663812
134,27.0,1.307261180073496
135,27.200000000000003,1.3068465051332623
136,27.400000000000002,1.3064331340529722
137,27.6,1.3060210553094547
138,27.8,1.3056102575151958
139,28.0,1.3052007297331663
140,28.200000000000003,1.304792460936635
141,28.400000000000002,1.3043854402219779
142,28.6,1.303979657100681
143,28.8,1.303575101087132
144,29.0,1.3031717617628613
145,29.200000000000003,1.3027696290516262
146,29.400000000000002,1.3023686929398224
147,29.6,1.3019689434636088
148,29.8,1.3015703709279902
149,30.0,1.3011729657744193
150,30.200000000000003,1.3007767184745822
151,30.400000000000002,1.3003816196851254
152,30.6,1.2999876602751752
153,30.8,1.299594831122715
154,31.0,1.2992031232180203
155,31.200000000000003,1.2988125276746116
156,31.400000000000002,1.2984230355844824
157,31.6,1.2980346389118553
158,31.8,1.297647328362842
159,32.0,1.297261096453325
160,32.2,1.2968759344896454
161,32.4,1.2964918343853997
162,32.6,1.2961087884869578
163,32.800000000000004,1.2957267881740782
164,33.0,1.2953458264400906
165,33.2,1.2949658942173492
166,33.4,1.2945869844047952
167,33.6,1.2942090899166978
168,33.800000000000004,1.2938322038791341
169,34.0,1.2934563177526217
170,34.2,1.2930814243099074
171,34.4,1.2927075172137188
172,34.6,1.292334589773188
173,34.800000000000004,1.2919626346362145
174,35.0,1.291591644227103
175,35.2,1.2912216123792606
176,35.4,1.2908525324258473
177,35.6,1.2904843977013072
178,35.800000000000004,1.2901172013644662
179,36.0,1.2897509370098512
180,36.2,1.2893855981416573
181,36.4,1.289021178319312
182,36.6,1.2886576715772955
183,36.800000000000004,1.2882950714793793
184,37.0,1.2879333718263346
185,37.2,1.2875725664700524
186,37.4,1.287212649694302
187,37.6,1.2868536155291659
188,37.800000000000004,1.2864954580339567
189,38.0,1.2861381713915772
190,38.2,1.2857817499643653
191,38.400000000000006,1.2854261881657485
192,38.6,1.285071480336874
193,38.800000000000004,1.2847176209370321
194,39.0,1.2843646045305626
195,39.2,1.28401242582784
196,39.400000000000006,1.2836610794208898
197,39.6,1.2833105600207788
198,39.800000000000004,1.2829608623973703
199,40.0,1.2826119814773829
200,40.2,1.2822639120930788
201,40.400000000000006,1.281916649174411
202,40.6,1.2815701876959715
203,40.800000000000004,1.2812245228001538
204,41.0,1.2808796495492483
205,41.2,1.2805355630675788
206,41.400000000000006,1.2801922585327594
207,41.6,1.2798497312711077
208,41.800000000000004,1.2795079766085955
209,42.0,1.2791669898469704
210,42.2,1.278826766367461
211,42.400000000000006,1.2784873016443192
212,42.6,1.2781485912390298
213,42.800000000000004,1.2778106306358283
214,43.0,1.2774734154066787
215,43.2,1.277136941179052
216,43.400000000000006,1.2768012037119207
217,43.6,1.2764661986671968
218,43.800000000000004,1.2761319217932157
219,44.0,1.2757983688737087
220,44.2,1.2754655358499052
221,44.400000000000006,1.275133418557675
222,44.6,1.2748020129099875
223,44.800000000000004,1.2744713148571984
224,45.0,1.27414132045656
225,45.2,1.273812025750666
226,45.400000000000006,1.273483426794979
227,45.6,1.2731555196953122
228,45.800000000000004,1.272828300632354
229,46.0,1.2725017658308566
230,46.2,1.2721759114846083
231,46.400000000000006,1.2718507338464657
232,46.6,1.271526229219935
233,46.800000000000004,1.2712023939965618
234,47.0,1.2708792245041587
235,47.2,1.2705567171358456
236,47.400000000000006,1.2702348683159397
237,47.6,1.2699136745825514
238,47.800000000000004,1.2695931323954335
239,48.0,1.2692732382801668
240,48.2,1.2689539887895882
241,48.400000000000006,1.2686353805663368
242,48.6,1.2683174102255141
243,48.800000000000004,1.2680000744083426
244,49.0,1.2676833697917156
245,49.2,1.267367293116564
246,49.400000000000006,1.2670518411440284
247,49.6,1.2667370106257283
248,49.800000000000004,1.2664227983562337
249,50.0,1.2661092011745074
250,50.2,1.265796215974105
251,50.400000000000006,1.2654838396140706
252,50.6,1.2651720690009103
253,50.800000000000004,1.2648609010703533
254,51.0,1.2645503328356669
255,51.2,1.2642403612604705
256,51.400000000000006,1.2639309833575874
257,51.6,1.2636221961620366
258,51.800000000000004,1.2633139967846518
259,52.0,1.263006382302303
260,52.2,1.2626993498248908
261,52.400000000000006,1.2623928964877325
262,52.6,1.262087019480907
263,52.800000000000004,1.2617817159998714
264,53.0,1.2614769832437012
265,53.2,1.2611728184430109
266,53.400000000000006,1.260869218867653
267,53.6,1.2605661818211042
268,53.800000000000004,1.2602637045893366
269,54.0,1.2599617844939508
270,54.2,1.259660418880057
271,54.400000000000006,1.2593596051362732
272,54.6,1.2590593406453994
273,54.800000000000004,1.258759622821101
274,55.0,1.258460449104031
275,55.2,1.2581618169465505
276,55.400000000000006,1.257863723824403
277,55.6,1.2575661672359626
278,55.800000000000004,1.2572691446937312
279,56.0,1.256972653732707
280,56.2,1.256676691910876
281,56.400000000000006,1.256381256797374
282,56.6,1.2560863459849954
283,56.800000000000004,1.2557919570885094
284,57.0,1.2554980877329416
285,57.2,1.2552047355655025
286,57.400000000000006,1.254911898254715
287,57.6,1.2546195734841656
288,57.800000000000004,1.2543277589569966
289,58.0,1.2540364523930083
290,58.2,1.2537456515294725
291,58.400000000000006,1.2534553541205955
292,58.6,1.2531655579376393
293,58.800000000000004,1.2528762607684059
294,59.0,1.2525874604177138
295,59.2,1.2522991547064677
296,59.400000000000006,1.2520113414722827
297,59.6,1.251724018568609
298,59.800000000000004,1.2514371838650966
299,60.0,1.2511508352466192
300,60.2,1.2508649706143324
301,60.400000000000006,1.2505795878847272
302,60.6,1.250294684989565
303,60.800000000000004,1.2500102598756118
304,61.0,1.249726310504622
305,61.2,1.2494428348531577
306,61.400000000000006,1.2491598309124916
307,61.6,1.2488772966883093
308,61.800000000000004,1.2485952302006837
309,62.0,1.2483136294838943
310,62.2,1.248032492586406
311,62.400000000000006,1.2477518175705646
312,62.6,1.247471602512474
313,62.800000000000004,1.2471918455018816
314,63.0,1.2469125446420448
315,63.2,1.2466336980496076
316,63.400000000000006,1.2463553038544215
317,63.6,1.2460773601994557
318,63.800000000000004,1.2457998652404907
319,64.0,1.2455228171303205
320,64.2,1.2452462140695073
321,64.4,1.2449700542209146
322,64.60000000000001,1.2446943358348803
323,64.8,1.2444190570909095
324,65.0,1.24414421626274
325,65.2,1.2438698114616404
326,65.4,1.2435958410140873
327,65.60000000000001,1.243322303262063
328,65.8,1.2430491964976773
329,66.0,1.2427765187811401
330,66.2,1.2425042686245964
331,66.4,1.2422324444143895
332,66.60000000000001,1.2419610443574298
333,66.8,1.2416900666914807
334,67.0,1.2414195099394294
335,67.2,1.2411493725318443
336,67.4,1.2408796523226406
337,67.60000000000001,1.240610347924772
338,67.8,1.2403414578805363
339,68.0,1.2400729806811763
340,68.2,1.2398049148442756
341,68.4,1.239537258608519
342,68.60000000000001,1.2392700098452067
343,68.8,1.239003167562659
344,69.0,1.2387367302963666
345,69.2,1.238470696606929
346,69.4,1.2382050650797283
347,69.60000000000001,1.237939833432281
348,69.8,1.2376750004238948
349,70.0,1.2374105648158507
350,70.2,1.2371465252009108
351,70.4,1.2368828801955258
352,70.60000000000001,1.2366196282065707
353,70.8,1.2363567670931455
354,71.0,1.2360942959943777
355,71.2,1.2358322135343243
356,71.4,1.2355705183596974
357,71.60000000000001,1.2353092091395828
358,71.8,1.235048283867706
359,72.0,1.2347877412400334
360,72.2,1.2345275801311566
361,72.4,1.2342677992193796
362,72.60000000000001,1.234008397204408
363,72.8,1.2337493726661026
364,73.0,1.233490723565487
365,73.2,1.2332324490883662
366,73.4,1.2329745479447525
367,73.60000000000001,1.2327170188651377
368,73.8,1.2324598606002475
369,74.0,1.2322030713772674
370,74.2,1.2319466498643652
371,74.4,1.2316905950366102
372,74.60000000000001,1.2314349056549543
373,74.8,1.2311795804997216
374,75.0,1.230924618295973
375,75.2,1.2306700170885365
376,75.4,1.230415776120944
377,75.60000000000001,1.230161894183569
378,75.8,1.2299083700853437
379,76.0,1.2296552026535428
380,76.2,1.2294023903046822
381,76.4,1.229149931698567
382,76.60000000000001,1.2288978259012677
383,76.80000000000001,1.2286460717496355
384,77.0,1.228394668098106
385,77.2,1.2281436137963475
386,77.4,1.227892906968761
387,77.60000000000001,1.2276425469125838
388,77.80000000000001,1.2273925324915342
389,78.0,1.2271428625861953
390,78.2,1.2268935360938225
391,78.4,1.2266445515939004
392,78.60000000000001,1.2263959077512119
393,78.80000000000001,1.2261476037105665
394,79.0,1.2258996383781857
395,79.2,1.225652010676293
396,79.4,1.2254047195429338
397,79.60000000000001,1.2251577632406698
398,79.80000000000001,1.2249111410553772
399,80.0,1.224664851937292
400,80.2,1.224418894832619
401,80.4,1.2241732687027584
402,80.60000000000001,1.2239279722685634
403,80.80000000000001,1.2236830042104827
404,81.0,1.223438363741422
405,81.2,1.223194049831269
406,81.4,1.2229500614645106
407,81.60000000000001,1.2227063976400732
408,81.80000000000001,1.2224630567974546
409,82.0,1.2222200381656516
410,82.2,1.2219773407893535
411,82.4,1.2217349636750408
412,82.60000000000001,1.2214929058430761
413,82.80000000000001,1.221251166137292
414,83.0,1.2210097432622649
415,83.2,1.2207686364899284
416,83.4,1.2205278448487737
417,83.60000000000001,1.2202873673806414
418,83.80000000000001,1.2200472031405822
419,84.0,1.2198073507208362
420,84.2,1.2195678093104036
421,84.4,1.2193285780366134
422,84.60000000000001,1.2190896559613786
423,84.80000000000001,1.2188510421593248
424,85.0,1.2186127355806462
425,85.2,1.2183747349585579
426,85.4,1.218137039617391
427,85.60000000000001,1.2178996486394051
428,85.80000000000001,1.2176625611190963
429,86.0,1.2174257761630718
430,86.2,1.2171892925038148
431,86.4,1.2169531093024026
432,86.60000000000001,1.2167172257575711
433,86.80000000000001,1.2164816409828692
434,87.0,1.21624635410351
435,87.2,1.2160113641628092
436,87.4,1.2157766699255084
437,87.60000000000001,1.2155422707635748
438,87.80000000000001,1.2153081658092229
439,88.0,1.215074354205906
440,88.2,1.2148408351082038
441,88.4,1.2146076073626855
442,88.60000000000001,1.214374670114526
443,88.80000000000001,1.2141420226268318
444,89.0,1.2139096640602194
445,89.2,1.2136775935860313
446,89.4,1.2134458103292813
447,89.60000000000001,1.213214313090574
448,89.80000000000001,1.2129831012823167
449,90.0,1.2127521740824954
450,90.2,1.2125215306794406
451,90.4,1.2122911702717254
452,90.60000000000001,1.2120610918143466
453,90.80000000000001,1.2118312944459233
454,91.0,1.211601777483765
455,91.2,1.211372540132705
456,91.4,1.2111435816074574
457,91.60000000000001,1.2109149011053506
458,91.80000000000001,1.2106864974629374
459,92.0,1.2104583701304688
460,92.2,1.2102305183287543
461,92.4,1.2100029412881435
462,92.60000000000001,1.2097756382484341
463,92.80000000000001,1.2095486082539475
464,93.0,1.2093218504423795
465,93.2,1.2090953641814937
466,93.4,1.2088691487166672
467,93.60000000000001,1.2086432033024024
468,93.80000000000001,1.2084175271997002
469,94.0,1.2081921192846852
470,94.2,1.2079669790394998
471,94.4,1.207742105724478
472,94.60000000000001,1.2075174986087678
473,94.80000000000001,1.2072931569702463
474,95.0,1.2070690799338513
475,95.2,1.2068452666422012
476,95.4,1.2066217165070698
477,95.60000000000001,1.2063984288115448
478,95.80000000000001,1.2061754028471516
479,96.0,1.2059526379137762
480,96.2,1.205730132979894
481,96.4,1.2055078875039416
482,96.60000000000001,1.2052859008004793
483,96.80000000000001,1.2050641721747553
484,97.0,1.2048427009401013
485,97.2,1.2046214862947342
486,97.4,1.2044005273930032
487,97.60000000000001,1.2041798236843624
488,97.80000000000001,1.2039593744873873
489,98.0,1.2037391791284724
490,98.2,1.2035192369417573
491,98.4,1.2032995469819536
492,98.60000000000001,1.2030801086860488
493,98.80000000000001,1.202860921419437
494,99.0,1.2026419845211502
495,99.2,1.202423297337715
496,99.4,1.2022048591298982
497,99.60000000000001,1.2019866690634338
498,99.80000000000001,1.201768726624006
499,100.0,1.2015510311628328
