,0,1
0,0.2,0.8498663236552064
1,0.4,0.7972772341994843
2,0.6000000000000001,0.7572132923612394
3,0.8,0.7242439222115091
4,1.0,0.6960347764441612
5,1.2000000000000002,0.671311159081637
6,1.4000000000000001,0.6492810511203688
7,1.6,0.6294106045377197
8,1.8,0.6113187426346962
9,2.0,0.5947217861531543
10,2.2,0.5794018068440088
11,2.4000000000000004,0.5651869876523113
12,2.6,0.5519390227457014
13,2.8000000000000003,0.5395447758416843
14,3.0,0.5279101912162166
15,3.2,0.5169561909378441
16,3.4000000000000004,0.5066154669938433
17,3.6,0.49683030855473637
18,3.8000000000000003,0.4875507704751788
19,4.0,0.4787333201973708
20,4.2,0.4703397541520937
21,4.4,0.46233636730895594
22,4.6000000000000005,0.45469324260782334
23,4.800000000000001,0.44738370327890814
24,5.0,0.4403838569865839
25,5.2,0.43367221007165274
26,5.4,0.42722935840599546
27,5.6000000000000005,0.4210377816476152
28,5.800000000000001,0.4150814893248459
29,6.0,0.4093459282754447
30,6.2,0.4038178055684559
31,6.4,0.3984849378305792
32,6.6000000000000005,0.3933361377338869
33,6.800000000000001,0.38836110198804497
34,7.0,0.38355032629353886
35,7.2,0.37889502505050454
36,7.4,0.3743870634631538
37,7.6000000000000005,0.37001889207139194
38,7.800000000000001,0.3657834949019475
39,8.0,0.36167434095765033
40,8.200000000000001,0.3576853408286657
41,8.4,0.3538108095723758
42,8.6,0.35004543113479014
43,8.8,0.3463842292923216
44,9.0,0.3428225389439601
45,9.200000000000001,0.3393559817130016
46,9.4,0.3359804440660753
47,9.600000000000001,0.3326920560102399
48,9.8,0.3294871738022489
49,10.0,0.326362362817056
50,10.200000000000001,0.32331438175685684
51,10.4,0.3203401699822419
52,10.600000000000001,0.31743683444580145
53,10.8,0.314601637527105
54,11.0,0.3118319874139107
55,11.200000000000001,0.30912542753290845
56,11.4,0.3064796281447324
57,11.600000000000001,0.3038923780273426
58,11.8,0.30136157681403913
59,12.0,0.29888522800982215
60,12.200000000000001,0.2964614324332184
61,12.4,0.29408838237153
62,12.600000000000001,0.2917643561227285
63,12.8,0.2894877129768434
64,13.0,0.2872568883093602
65,13.200000000000001,0.28507038930035417
66,13.4,0.2829267898593673
67,13.600000000000001,0.28082472812120174
68,13.8,0.27876290251025176
69,14.0,0.27674006816680674
70,14.200000000000001,0.27475503397506734
71,14.4,0.2728066597653758
72,14.600000000000001,0.27089385345395495
73,14.8,0.2690155684193444
74,15.0,0.2671708012765065
75,15.200000000000001,0.26535858964490766
76,15.4,0.26357801003237996
77,15.600000000000001,0.26182817579413176
78,15.8,0.26010823541448513
79,16.0,0.25841737070665677
80,16.2,0.25675479517691524
81,16.400000000000002,0.2551197524861299
82,16.6,0.2535115150359392
83,16.8,0.2519293825722117
84,17.0,0.25037268090031795
85,17.2,0.2488407606909905
86,17.400000000000002,0.24733299630745129
87,17.6,0.24584878473014254
88,17.8,0.24438754454978243
89,18.0,0.2429487149811586
90,18.2,0.24153175491983592
91,18.400000000000002,0.24013614210014306
92,18.6,0.23876137230649816
93,18.8,0.2374069585329422
94,19.0,0.23607243024003985
95,19.200000000000003,0.23475733266566376
96,19.400000000000002,0.23346122623411839
97,19.6,0.23218368584035126
98,19.8,0.23092430022883137
99,20.0,0.229682671444238
100,20.200000000000003,0.22845841433317068
101,20.400000000000002,0.22725115603219265
102,20.6,0.22606053540039223
103,20.8,0.22488620248006744
104,21.0,0.22372781831211597
105,21.200000000000003,0.2225850542799485
106,21.400000000000002,0.22145759174001414
107,21.6,0.22034512167924866
108,21.8,0.2192473443919227
109,22.0,0.21816396902796245
110,22.200000000000003,0.21709471329247557
111,22.400000000000002,0.21603930315541842
112,22.6,0.21499747267078465
113,22.8,0.21396896324797526
114,23.0,0.21295352412086072
115,23.200000000000003,0.21195091115444517
116,23.400000000000002,0.21096088680120054
117,23.6,0.20998322164072997
118,23.8,0.20901769027846148
119,24.0,0.20806407547838138
120,24.200000000000003,0.20712216319139762
121,24.400000000000002,0.20619174713867808
122,24.6,0.20527262586009903
123,24.8,0.20436460362559591
124,25.0,0.20346749031504516
125,25.200000000000003,0.20258110024181328
126,25.400000000000002,0.20170525298464503
127,25.6,0.20083977228935818
128,25.8,0.19998448652866482
129,26.0,0.19913922822094932
130,26.200000000000003,0.1983038340775473
131,26.400000000000002,0.1974781448287614
132,26.6,0.19666200515443544
133,26.8,0.19585526347132987
134,27.0,0.195057771946172
135,27.200000000000003,0.19426938622116732
136,27.400000000000002,0.1934899654620324
137,27.6,0.1927193720775242
138,27.8,0.19195747176464018
139,28.0,0.1912041332863661
140,28.200000000000003,0.19045922847630667
141,28.400000000000002,0.18972263205252368
142,28.6,0.18899422161043766
143,28.8,0.18827387747397362
144,29.0,0.18756148267029768
145,29.200000000000003,0.18685692278717392
146,29.400000000000002,0.18616008595188668
147,29.6,0.185470862718392
148,29.8,0.18478914602849167
149,30.0,0.1841148311018401
150,30.200000000000003,0.18344781540145133
151,30.400000000000002,0.1827879985591954
152,30.6,0.18213528232043424
153,30.8,0.18148957046406428
154,31.0,0.1808507687571899
155,31.200000000000003,0.18021878491076246
156,31.400000000000002,0.17959352851324104
157,31.6,0.17897491096890636
158,31.8,0.178362845447157
159,32.0,0.17775724686899178
160,32.2,0.17715803182849688
161,32.4,0.17656511855282356
162,32.6,0.17597842684672152
163,32.800000000000004,0.17539787808364585
164,33.0,0.17482339512940823
165,33.2,0.17425490231787513
166,33.4,0.1736923253866225
167,33.6,0.17313559150539357
168,33.800000000000004,0.17258462918829678
169,34.0,0.17203936825018118
170,34.2,0.17149973975630295
171,34.4,0.1709656760940192
172,34.6,0.17043711086665686
173,34.800000000000004,0.16991397883919565
174,35.0,0.16939621590166024
175,35.2,0.16888375913833187
176,35.4,0.16837654672034777
177,35.6,0.1678745178646289
178,35.800000000000004,0.16737761278426938
179,36.0,0.16688577284285738
180,36.2,0.16639894043824752
181,36.4,0.16591705880473942
182,36.6,0.16544007202378572
183,36.800000000000004,0.16496792531753296
184,37.0,0.16450056491714263
185,37.2,0.16403793769851072
186,37.4,0.16357999141660995
187,37.6,0.1631266747549085
188,37.800000000000004,0.16267793722967264
189,38.0,0.16223372911503436
190,38.2,0.16179400147733689
191,38.400000000000006,0.1613587061785267
192,38.6,0.16092779584714625
193,38.800000000000004,0.16050122426049318
194,39.0,0.16007894505422748
195,39.2,0.15966091350891692
196,39.400000000000006,0.15924708430134862
197,39.6,0.15883741410933022
198,39.800000000000004,0.15843185909826002
199,40.0,0.15803037717779944
200,40.2,0.15763292594433898
201,40.400000000000006,0.1572394644668745
202,40.6,0.15684995167675847
203,40.800000000000004,0.15646434775069779
204,41.0,0.15608261287229303
205,41.2,0.15570470828752853
206,41.400000000000006,0.15533059537178664
207,41.6,0.15496023639967535
208,41.800000000000004,0.15459359388631888
209,42.0,0.15423063140716325
210,42.2,0.15387131290938166
211,42.400000000000006,0.15351560160669628
212,42.6,0.15316346223915542
213,42.800000000000004,0.15281486099758165
214,43.0,0.15246976231335826
215,43.2,0.15212813192377223
216,43.400000000000006,0.15178993748586916
217,43.6,0.15145514530697143
218,43.800000000000004,0.1511237227286196
219,44.0,0.15079563783679797
220,44.2,0.15047085892552772
221,44.400000000000006,0.15014935478424674
222,44.6,0.14983109443053155
223,44.800000000000004,0.14951604732508342
224,45.0,0.14920418352922094
225,45.2,0.14889547331414582
226,45.400000000000006,0.14858988711675866
227,45.6,0.14828739609658054
228,45.800000000000004,0.1479879716543043
229,46.0,0.14769158532482068
230,46.2,0.14739820925701905
231,46.400000000000006,0.14710781587084334
232,46.6,0.14682037784072446
233,46.800000000000004,0.14653586824796855
234,47.0,0.14625426052027948
235,47.2,0.1459755283376213
236,47.400000000000006,0.14569964568557153
237,47.6,0.1454265869544687
238,47.800000000000004,0.14515632679155624
239,48.0,0.14488884006320168
240,48.2,0.14462410206874626
241,48.400000000000006,0.14436208836895273
242,48.6,0.14410277462136242
243,48.800000000000004,0.14384613698570034
244,49.0,0.14359215184233087
245,49.2,0.14334079577164907
246,49.400000000000006,0.14309204567110348
247,49.6,0.1428458787388002
248,49.800000000000004,0.1426022723534041
249,50.0,0.14236120409743414
250,50.2,0.14212265193437013
251,50.400000000000006,0.14188659402792317
252,50.6,0.14165300874812045
253,50.800000000000004,0.14142187477172552
254,51.0,0.14119317100573797
255,51.2,0.1409668763858293
256,51.400000000000006,0.1407429702783013
257,51.6,0.14052143223521152
258,51.800000000000004,0.14030224204796932
259,52.0,0.14008537973422325
260,52.2,0.13987082553054173
261,52.400000000000006,0.1396585598451855
262,52.6,0.13944856315159784
263,52.800000000000004,0.13924081624626214
264,53.0,0.1390353001763711
265,53.2,0.13883199616254913
266,53.400000000000006,0.13863088563418552
267,53.6,0.13843195019703866
268,53.800000000000004,0.1382351716358162
269,54.0,0.13804053189562562
270,54.2,0.1378480131621811
271,54.400000000000006,0.1376575977487914
272,54.6,0.1374692681306591
273,54.800000000000004,0.13728300712029562
274,55.0,0.13709879755047774
275,55.2,0.13691662234070165
276,55.400000000000006,0.13673646484245944
277,55.6,0.13655830845494266
278,55.800000000000004,0.13638213676790534
279,56.0,0.13620793331606876
280,56.2,0.13603568208841885
281,56.400000000000006,0.13586536701566893
282,56.6,0.1356969722996904
283,56.800000000000004,0.13553048232954854
284,57.0,0.1353658815133945
285,57.2,0.13520315457641952
286,57.400000000000006,0.13504228626480388
287,57.6,0.13488326152960273
288,57.800000000000004,0.13472606548558108
289,58.0,0.13457068333198374
290,58.2,0.13441710041625765
291,58.400000000000006,0.13426530226343028
292,58.6,0.13411527446819754
293,58.800000000000004,0.13396700285900368
294,59.0,0.13382047350064744
295,59.2,0.13367567209294554
296,59.400000000000006,0.1335325852688978
297,59.6,0.13339119884406428
298,59.800000000000004,0.13325149948891177
299,60.0,0.13311347370076415
300,60.2,0.13297710800314846
301,60.400000000000006,0.1328423895040576
302,60.6,0.13270930472351303
303,60.800000000000004,0.13257784144498855
304,61.0,0.13244798639809485
305,61.2,0.13231972660679533
306,61.400000000000006,0.13219304941715196
307,61.6,0.13206794307004083
308,61.800000000000004,0.13194439457001392
309,62.0,0.13182239145387983
310,62.2,0.13170192169188463
311,62.400000000000006,0.1315829735673106
312,62.6,0.1314655348497268
313,62.800000000000004,0.13134959367084062
314,63.0,0.13123513839073717
315,63.2,0.13112215744605227
316,63.400000000000006,0.1310106393154278
317,63.6,0.13090057263412772
318,63.800000000000004,0.13079194601302901
319,64.0,0.13068474828694876
320,64.2,0.13057896839771088
321,64.4,0.13047459537491413
322,64.60000000000001,0.1303716181618048
323,64.8,0.13027002602137908
324,65.0,0.13016980824078397
325,65.2,0.13007095419099388
326,65.4,0.12997345326482268
327,65.60000000000001,0.12987729504769735
328,65.8,0.1297824691831139
329,66.0,0.129688965394048
330,66.2,0.1295967734757158
331,66.4,0.12950588334997334
332,66.60000000000001,0.12941628501568472
333,66.8,0.129327968537831
334,67.0,0.12924092406772678
335,67.2,0.12915514187177313
336,67.4,0.12907061229238032
337,67.60000000000001,0.128987325716548
338,67.8,0.12890527264202697
339,68.0,0.12882444366424042
340,68.2,0.1287448294538852
341,68.4,0.128666420697998
342,68.60000000000001,0.12858920823359776
343,68.8,0.12851318296489683
344,69.0,0.12843833586921355
345,69.2,0.12836465794687443
346,69.4,0.12829214034708494
347,69.60000000000001,0.1282207742734079
348,69.8,0.1281505509936424
349,70.0,0.12808146181184588
350,70.2,0.12801349816810942
351,70.4,0.12794665155561705
352,70.60000000000001,0.12788091352321374
353,70.8,0.12781627567986978
354,71.0,0.12775272974216345
355,71.2,0.12769026748532458
356,71.4,0.12762888072013984
357,71.60000000000001,0.12756856133746305
358,71.8,0.12750930132273186
359,72.0,0.12745109271805705
360,72.2,0.1273939276022667
361,72.4,0.1273377981484848
362,72.60000000000001,0.1272826965987914
363,72.8,0.12722861525851564
364,73.0,0.12717554642686313
365,73.2,0.12712348255168068
366,73.4,0.12707241611741601
367,73.60000000000001,0.1270223396700489
368,73.8,0.1269732458019335
369,74.0,0.12692512719256424
370,74.2,0.12687797657679067
371,74.4,0.12683178672707124
372,74.60000000000001,0.12678655043569514
373,74.8,0.12674226062770744
374,75.0,0.1266989102596492
375,75.2,0.12665649235570672
376,75.4,0.1266150000015943
377,75.60000000000001,0.1265744263338195
378,75.8,0.12653476455361756
379,76.0,0.12649600784182805
380,76.2,0.12645814947854525
381,76.4,0.12642118282570694
382,76.60000000000001,0.1263851012806149
383,76.80000000000001,0.1263498982878361
384,77.0,0.126315567353845
385,77.2,0.12628210203833218
386,77.4,0.1262494959525998
387,77.60000000000001,0.12621774272345057
388,77.80000000000001,0.126186836077164
389,78.0,0.12615676977687126
390,78.2,0.12612753763976559
391,78.4,0.12609913353999752
392,78.60000000000001,0.12607155139915024
393,78.80000000000001,0.12604478519419082
394,79.0,0.12601882890189495
395,79.2,0.12599367650558077
396,79.4,0.12596932213628814
397,79.60000000000001,0.12594575993068508
398,79.80000000000001,0.1259229841010673
399,80.0,0.12590098891903878
400,80.2,0.1258797686869822
401,80.4,0.12585931770921777
402,80.60000000000001,0.12583963035512669
403,80.80000000000001,0.12582070102848242
404,81.0,0.12580252417701404
405,81.2,0.12578509430715792
406,81.4,0.12576840597254718
407,81.60000000000001,0.1257524537852738
408,81.80000000000001,0.12573723236654732
409,82.0,0.1257227363956928
410,82.2,0.12570896061579878
411,82.4,0.12569589978349985
412,82.60000000000001,0.12568354863603096
413,82.80000000000001,0.12567190204305573
414,83.0,0.12566095497514176
415,83.2,0.12565070229232092
416,83.4,0.12564113887411477
417,83.60000000000001,0.12563225978693968
418,83.80000000000001,0.1256240600721443
419,84.0,0.12561653481240473
420,84.2,0.1256096791307314
421,84.4,0.12560348818623127
422,84.60000000000001,0.12559795717852024
423,84.80000000000001,0.12559308131081823
424,85.0,0.12558885587326438
425,85.2,0.1255852762212934
426,85.4,0.12558233771004068
427,85.60000000000001,0.12558003556232222
428,85.80000000000001,0.12557836566557126
429,86.0,0.12557732329035512
430,86.2,0.1255769036556881
431,86.4,0.12557710207644693
432,86.60000000000001,0.12557791445289013
433,86.80000000000001,0.1255793368062117
434,87.0,0.12558136412416657
435,87.2,0.12558399186595479
436,87.4,0.12558721564063802
437,87.60000000000001,0.12559103233803426
438,87.80000000000001,0.1255954368357893
439,88.0,0.12560042475510422
440,88.2,0.12560599170991255
441,88.4,0.12561213447108796
442,88.60000000000001,0.12561884864272196
443,88.80000000000001,0.12562612977291587
444,89.0,0.12563397363109094
445,89.2,0.12564237653815025
446,89.4,0.12565133500532455
447,89.60000000000001,0.1256608444647871
448,89.80000000000001,0.125670900831109
449,90.0,0.12568150012419937
450,90.2,0.12569263951407397
451,90.4,0.12570431440540197
452,90.60000000000001,0.12571652084985604
453,90.80000000000001,0.12572925489240183
454,91.0,0.12574251353766103
455,91.2,0.1257562928672193
456,91.4,0.1257705888510104
457,91.60000000000001,0.12578539766547375
458,91.80000000000001,0.12580071594706305
459,92.0,0.12581654056042305
460,92.2,0.1258328673714826
461,92.4,0.12584969268343918
462,92.60000000000001,0.12586701288947727
463,92.80000000000001,0.1258848256802342
464,93.0,0.12590312681992039
465,93.2,0.12592191277813752
466,93.4,0.1259411800214974
467,93.60000000000001,0.1259609250136119
468,93.80000000000001,0.12598114421508344
469,94.0,0.1260018344239275
470,94.2,0.12602299344134565
471,94.4,0.12604461704232361
472,94.60000000000001,0.12606670188951108
473,94.80000000000001,0.12608924465930782
474,95.0,0.12611224204189034
475,95.2,0.12613569074123854
476,95.4,0.12615958781603526
477,95.60000000000001,0.1261839305904495
478,95.80000000000001,0.1262087154831514
479,96.0,0.126233939380837
480,96.2,0.12625959919476432
481,96.4,0.1262856918608038
482,96.60000000000001,0.12631221433948872
483,96.80000000000001,0.12633916368095383
484,97.0,0.1263665369447695
485,97.2,0.1263943311340075
486,97.4,0.12642254332542488
487,97.60000000000001,0.1264511706221065
488,97.80000000000001,0.1264802101535199
489,98.0,0.1265096590755709
490,98.2,0.1265395142243817
491,98.4,0.12656977278184345
492,98.60000000000001,0.12660043209856317
493,98.80000000000001,0.12663148940397437
494,99.0,0.12666294195375674
495,99.2,0.12669478702989231
496,99.4,0.12672702194072127
497,99.60000000000001,0.1267596440209985
498,99.80000000000001,0.12679265063195022
499,100.0,0.1268260391613305
